10
10 2
7 2 13 1 13 18 4 5 19 4
14 9 20 17 11 6 11 11 3 16
10 5
5 4 2 2 4 17 20 7 1 17
11 14 14 2 13 20 8 16 2 7
10 5
7 9 16 8 15 11 7 11 8 15
15 17 20 2 13 13 2 9 9 17
10 4
6 3 18 3 6 13 17 16 15 18
15 3 8 5 5 18 9 7 9 19
10 5
8 20 18 14 7 3 17 14 15 14
10 17 17 7 3 12 5 7 20 17
10 4
5 3 11 3 4 5 8 6 9 3
3 5 20 13 5 17 2 15 20 2
10 3
9 3 17 17 12 18 11 20 13 9
10 8 8 6 17 9 1 17 4 10
10 3
12 13 8 11 2 18 12 1 13 11
15 10 17 5 6 15 13 9 16 2
10 5
8 3 18 8 10 10 2 10 10 6
9 8 11 11 16 8 18 16 8 6
10 5
12 17 8 1 8 10 4 10 16 2
13 11 20 11 11 14 2 4 6 12
